py/stars_radec00.ecsv
# %ECSV 1.0
# ---
# datatype:
# - {name: index, datatype: float64}
# - {name: Xpos, datatype: float64}
# - {name: Ypos, datatype: float64}
# - {name: '8', datatype: float64}
# - {name: 8again, datatype: float64}
# - {name: '0', datatype: float64}
# - {name: star_template_index, datatype: float64}
# - {name: 0again, datatype: float64}
# - {name: magnitude, datatype: float64}
# - {name: 0again2, datatype: float64}
# - {name: '1', datatype: float64}
# - {name: 0again3, datatype: float64}
# - {name: 0again4, datatype: float64}
# - {name: mag_again, datatype: float64}
# - {name: RA, datatype: float64}
# - {name: DEC, datatype: float64}
# schema: astropy-2.0
index Xpos Ypos 8 8again 0 star_template_index 0again magnitude 0again2 1 0again3 0again4 mag_again RA DEC
[from data line 6403]
6403.0 9101.637565320967 1128.1583327540407 8.0 8.0 0.0 135.0 0.0 18.5 0.0 1.0 0.0 0.0 18.5 -0.013058532401220442 -0.2305756610020424
6404.0 3377.443545829865 15875.28229058021 8.0 8.0 0.0 135.0 0.0 19.0 0.0 1.0 0.0 0.0 19.0 0.16184869515412562 0.22003090437597939
6405.0 12564.552561602837 2397.5196863413466 8.0 8.0 0.0 135.0 0.0 19.0 0.0 1.0 0.0 0.0 19.0 -0.11887038417286071 -0.1917896196424303
6406.0 16693.007245915913 6787.20320838178 8.0 8.0 0.0 135.0 0.0 19.0 0.0 1.0 0.0 0.0 19.0 -0.24501706875063936 -0.057660400913417044
6407.0 3621.603316291342 10581.066647322523 8.0 8.0 0.0 135.0 0.0 19.5 0.0 1.0 0.0 0.0 19.5 0.1543871441052074 0.05826320416532787
6408.0 11260.886607911323 3676.127369877917 8.0 8.0 0.0 135.0 0.0 19.5 0.0 1.0 0.0 0.0 19.5 -0.07903576150579321 -0.1527210515343684
6409.0 3675.0189985488337 3908.3669862523143 8.0 8.0 0.0 135.0 0.0 19.5 0.0 1.0 0.0 0.0 19.5 0.152755411828018 -0.1456248410340396
6410.0 312.39274478275865 8088.60739198142 8.0 8.0 0.0 135.0 0.0 19.5 0.0 1.0 0.0 0.0 19.5 0.25550184420782995 -0.017895273081205837
6411.0 13159.809107421755 6261.0035613020955 8.0 8.0 0.0 135.0 0.0 20.0 0.0 1.0 0.0 0.0 20.0 -0.1370582261749342 -0.07373872346307409
6412.0 7529.34825225997 11737.601205838773 8.0 8.0 0.0 135.0 0.0 20.0 0.0 1.0 0.0 0.0 20.0 0.03498379347800462 0.09360176011999108
6413.0 16425.371394654972 1302.462512366574 8.0 8.0 0.0 135.0 0.0 20.0 0.0 1.0 0.0 0.0 20.0 -0.2368410128023184 -0.22524969995832614
6414.0 9269.080932414767 8479.250182757585 8.0 8.0 0.0 135.0 0.0 20.0 0.0 1.0 0.0 0.0 20.0 -0.01817475186366446 -0.005958965585267449
6415.0 2732.098127220751 3023.155457713418 8.0 8.0 0.0 135.0 0.0 20.0 0.0 1.0 0.0 0.0 20.0 0.18156721404223683 -0.17267297107272814
6416.0 7802.930681278342 10525.794148980629 8.0 8.0 0.0 135.0 0.0 20.0 0.0 1.0 0.0 0.0 20.0 0.02662429666503215 0.05657432227154778
6417.0 3519.8767727781487 2016.1311439253527 8.0 8.0 0.0 135.0 0.0 20.0 0.0 1.0 0.0 0.0 20.0 0.1574963681786171 -0.20344315843847455
6418.0 15232.52749429135 3428.6246874732965 8.0 8.0 0.0 135.0 0.0 20.5 0.0 1.0 0.0 0.0 20.5 -0.20039195861040995 -0.16028363349673183
6419.0 11986.162678336284 13946.301580641953 8.0 8.0 0.0 135.0 0.0 20.5 0.0 1.0 0.0 0.0 20.5 -0.10119709397306371 0.16108982712786601
6420.0 5919.995649025889 4079.8043447265563 8.0 8.0 0.0 135.0 0.0 20.5 0.0 1.0 0.0 0.0 20.5 0.08415866229510162 -0.14038647730288223
6421.0 9156.912906337135 12787.008802010514 8.0 8.0 0.0 135.0 0.0 20.5 0.0 1.0 0.0 0.0 20.5 -0.014747430884808732 0.1256669922252387
6422.0 11614.504995528305 4737.239645711177 8.0 8.0 0.0 135.0 0.0 20.5 0.0 1.0 0.0 0.0 20.5 -0.08984068505021099 -0.12029817643946326
6423.0 13581.439780967708 4077.384486777803 8.0 8.0 0.0 135.0 0.0 20.5 0.0 1.0 0.0 0.0 20.5 -0.1499417227002 -0.14046041740687193
6424.0 1390.437216527249 5189.899240311902 8.0 8.0 0.0 135.0 0.0 20.5 0.0 1.0 0.0 0.0 20.5 0.22256196823989793 -0.10646691104888556
6425.0 390.6690704999365 15282.885310032485 8.0 8.0 0.0 135.0 0.0 20.5 0.0 1.0 0.0 0.0 20.5 0.25311162707233154 0.20192988552591004
6426.0 1985.5873951693204 6890.245022382801 8.0 8.0 0.0 135.0 0.0 20.5 0.0 1.0 0.0 0.0 20.5 0.2043765321497521 -0.054511901041163636
6427.0 6852.609977839523 4228.889729518277 8.0 8.0 0.0 135.0 0.0 20.5 0.0 1.0 0.0 0.0 20.5 0.0556620171517852 -0.13583109054535744
6428.0 8096.679109673243 9309.91231374154 8.0 8.0 0.0 135.0 0.0 20.5 0.0 1.0 0.0 0.0 20.5 0.017648638276851 0.019422377305908973
6429.0 2367.4102889395026 6690.316132604986 8.0 8.0 0.0 135.0 0.0 21.0 0.0 1.0 0.0 0.0 21.0 0.19270973687042522 -0.06062083933993021
6430.0 7132.9073781980105 13708.77466193473 8.0 8.0 0.0 135.0 0.0 21.0 0.0 1.0 0.0 0.0 21.0 0.047097387698853264 0.15383206016736756
6431.0 7661.511346630753 17182.787159693155 8.0 8.0 0.0 135.0 0.0 21.0 0.0 1.0 0.0 0.0 21.0 0.030945748598454205 0.2599824420433194
6432.0 1892.5517892861126 9135.298702691078 8.0 8.0 0.0 135.0 0.0 21.0 0.0 1.0 0.0 0.0 21.0 0.20721920053777407 0.01408696141270038
6433.0 15902.713589347322 7837.18461112083 8.0 8.0 0.0 135.0 0.0 21.0 0.0 1.0 0.0 0.0 21.0 -0.22086910495741519 -0.02557763582972387
6434.0 10394.308138665316 5951.163929128697 8.0 8.0 0.0 135.0 0.0 21.0 0.0 1.0 0.0 0.0 21.0 -0.05255674959812105 -0.08320604555726124
6435.0 6740.524871198734 16886.007632977933 8.0 8.0 0.0 135.0 0.0 21.0 0.0 1.0 0.0 0.0 21.0 0.05908725002757359 0.25091417872702093
6436.0 8794.100435476566 8384.260090495132 8.0 8.0 0.0 135.0 0.0 21.0 0.0 1.0 0.0 0.0 21.0 -0.0036614588471593594 -0.008861440626620176
6437.0 5450.868211522345 3087.9859558409653 8.0 8.0 0.0 135.0 0.0 21.0 0.0 1.0 0.0 0.0 21.0 0.09849329622745691 -0.17069203918549752
6438.0 14821.397570190078 16814.482598630457 8.0 8.0 0.0 135.0 0.0 21.0 0.0 1.0 0.0 0.0 21.0 -0.18783064112661968 0.24872869156640365
6439.0 9975.672455114087 16669.903679034975 8.0 8.0 0.0 135.0 0.0 21.0 0.0 1.0 0.0 0.0 21.0 -0.03976540979836321 0.24431100235654166
6440.0 8585.72069754939 7559.1942616414735 8.0 8.0 0.0 135.0 0.0 21.0 0.0 1.0 0.0 0.0 21.0 0.0027057003339212003 -0.03407178539714864
6441.0 15802.533444412014 6040.519583616957 8.0 8.0 0.0 135.0 0.0 21.0 0.0 1.0 0.0 0.0 21.0 -0.21780823781207054 -0.08047573389234221
6442.0 14537.725779861214 11804.597451650003 8.0 8.0 0.0 135.0 0.0 21.0 0.0 1.0 0.0 0.0 21.0 -0.1791613717523505 0.09564886763088976
6443.0 14100.927547293579 14380.62488991824 8.0 8.0 0.0 135.0 0.0 21.0 0.0 1.0 0.0 0.0 21.0 -0.16581527723979786 0.17436081713353033
6444.0 3913.990698637565 8648.805510277423 8.0 8.0 0.0 135.0 0.0 21.5 0.0 1.0 0.0 0.0 21.5 0.14545300539123668 -0.0007781083554946185
6445.0 2656.4626920881565 5739.122986487123 8.0 8.0 0.0 135.0 0.0 21.5 0.0 1.0 0.0 0.0 21.5 0.183877697509784 -0.08968507436019825
6446.0 11972.168283268142 5228.746580439375 8.0 8.0 0.0 135.0 0.0 21.5 0.0 1.0 0.0 0.0 21.5 -0.10076925760130698 -0.10527990898943498
6447.0 8130.25974961461 5666.011654340432 8.0 8.0 0.0 135.0 0.0 21.5 0.0 1.0 0.0 0.0 21.5 0.016622583544671058 -0.09191903173134712
6448.0 11861.418545244014 2047.6993895036767 8.0 8.0 0.0 135.0 0.0 21.5 0.0 1.0 0.0 0.0 21.5 -0.09738567581644356 -0.20247857315691467
6449.0 13195.77329191757 13507.929146949495 8.0 8.0 0.0 135.0 0.0 21.5 0.0 1.0 0.0 0.0 21.5 -0.13815747732524705 0.147695113876152
6450.0 5123.2587112961655 1820.9005742602733 8.0 8.0 0.0 135.0 0.0 21.5 0.0 1.0 0.0 0.0 21.5 0.10850387413548565 -0.20940853695601863
6451.0 4938.269922981149 6910.175644702576 8.0 8.0 0.0 135.0 0.0 21.5 0.0 1.0 0.0 0.0 21.5 0.11415563515203073 -0.053902909803614944
6452.0 8515.211919093676 14485.049342669901 8.0 8.0 0.0 135.0 0.0 21.5 0.0 1.0 0.0 0.0 21.5 0.0048601580886349005 0.1775515643009422
6453.0 4745.681686200813 7010.648002540359 8.0 8.0 0.0 135.0 0.0 21.5 0.0 1.0 0.0 0.0 21.5 0.12004027244575305 -0.05083292109190492
6454.0 11576.599955063111 5113.6873574106685 8.0 8.0 0.0 135.0 0.0 21.5 0.0 1.0 0.0 0.0 21.5 -0.08868243733401938 -0.10879560747086768
6455.0 12954.68431581869 16450.819316309437 8.0 8.0 0.0 135.0 0.0 21.5 0.0 1.0 0.0 0.0 21.5 -0.13079153545759414 0.237616757939928
6456.0 8189.1873628899575 2195.3495912777967 8.0 8.0 0.0 135.0 0.0 21.5 0.0 1.0 0.0 0.0 21.5 0.014822084667089702 -0.19796703921381656
6457.0 12556.870451605788 15350.924874468144 8.0 8.0 0.0 135.0 0.0 21.5 0.0 1.0 0.0 0.0 21.5 -0.11863573910877145 0.20400887221699965
6458.0 8855.3474774244 1076.9419345469905 8.0 8.0 0.0 135.0 0.0 21.5 0.0 1.0 0.0 0.0 21.5 -0.0055329416094558855 -0.2321406065028134
6459.0 12367.28483042445 7174.132283427282 8.0 8.0 0.0 135.0 0.0 21.5 0.0 1.0 0.0 0.0 21.5 -0.11284212920440982 -0.04583756806480448
6460.0 3902.8710391460886 10959.439105202793 8.0 8.0 0.0 135.0 0.0 21.5 0.0 1.0 0.0 0.0 21.5 0.14579288101359364 0.06982458482278057
6461.0 12817.849428533198 6419.626356117369 8.0 8.0 0.0 135.0 0.0 21.5 0.0 1.0 0.0 0.0 21.5 -0.12660943622469686 -0.0688919158437185
6462.0 12406.358976855825 9274.64181348202 8.0 8.0 0.0 135.0 0.0 21.5 0.0 1.0 0.0 0.0 21.5 -0.11403603119053912 0.018344667575756937
6463.0 4625.220239338473 3539.131429710048 8.0 8.0 0.0 135.0 0.0 21.5 0.0 1.0 0.0 0.0 21.5 0.12372145556619665 -0.1569070385950533
6464.0 9645.285949448014 9871.919083053754 8.0 8.0 0.0 135.0 0.0 22.0 0.0 1.0 0.0 0.0 22.0 -0.029669911115341424 0.03659480636822659
6465.0 14838.410178763766 2334.39751785573 8.0 8.0 0.0 135.0 0.0 22.0 0.0 1.0 0.0 0.0 22.0 -0.18834977750134954 -0.19371835256837966
6466.0 4328.854058391746 13811.110176126534 8.0 8.0 0.0 135.0 0.0 22.0 0.0 1.0 0.0 0.0 22.0 0.13277712315962076 0.15695897865656155
6467.0 12768.176009603314 10127.903686158255 8.0 8.0 0.0 135.0 0.0 22.0 0.0 1.0 0.0 0.0 22.0 -0.12509158337800244 0.04441655812975302
6468.0 16549.93141984457 8360.819414252765 8.0 8.0 0.0 135.0 0.0 22.0 0.0 1.0 0.0 0.0 22.0 -0.24064518668791868 -0.009577683511803638
6469.0 15028.034109888951 948.3891898094749 8.0 8.0 0.0 135.0 0.0 22.0 0.0 1.0 0.0 0.0 22.0 -0.19414441340120236 -0.2360686070364597
6470.0 6965.787917552378 8670.35593186901 8.0 8.0 0.0 135.0 0.0 22.0 0.0 1.0 0.0 0.0 22.0 0.05220364591109591 -0.00011962325130726236
6471.0 10534.168706229248 9777.107791238872 8.0 8.0 0.0 135.0 0.0 22.0 0.0 1.0 0.0 0.0 22.0 -0.056830221349759055 0.03369779467388298
6472.0 17205.76557977021 4608.943947771102 8.0 8.0 0.0 135.0 0.0 22.0 0.0 1.0 0.0 0.0 22.0 -0.26068517308425826 -0.12421832276540999
6473.0 9861.560163103239 11755.204318153888 8.0 8.0 0.0 135.0 0.0 22.0 0.0 1.0 0.0 0.0 22.0 -0.036278332782701435 0.09413963299628626
6474.0 1995.5611630825813 1331.763387346056 8.0 8.0 0.0 135.0 0.0 22.0 0.0 1.0 0.0 0.0 22.0 0.20407325014480968 -0.2243543954450642
6475.0 788.1573459805505 3620.4512421277327 8.0 8.0 0.0 135.0 0.0 22.0 0.0 1.0 0.0 0.0 22.0 0.24096545522581764 -0.1544222665489574
6476.0 13710.804267354555 12795.391244917679 8.0 8.0 0.0 135.0 0.0 22.0 0.0 1.0 0.0 0.0 22.0 -0.15389444755936418 0.12592312242517986
6477.0 7349.333689410709 2554.090811459495 8.0 8.0 0.0 135.0 0.0 22.0 0.0 1.0 0.0 0.0 22.0 0.040484407406688634 -0.18700550193048687
6478.0 4281.843737340597 4259.9139487089205 8.0 8.0 0.0 135.0 0.0 22.0 0.0 1.0 0.0 0.0 22.0 0.1342134233256519 -0.13488312829230997
6479.0 6031.6027389777455 11291.391175860153 8.0 8.0 0.0 135.0 0.0 22.0 0.0 1.0 0.0 0.0 22.0 0.08074827168172696 0.07996756475953325
6480.0 13139.314795051581 12644.340727182089 8.0 8.0 0.0 135.0 0.0 22.0 0.0 1.0 0.0 0.0 22.0 -0.1364322033545386 0.1213076899388146
6481.0 8071.3628259839 893.2634834738222 8.0 8.0 0.0 135.0 0.0 22.0 0.0 1.0 0.0 0.0 22.0 0.018422348982134518 -0.237753003618938
6482.0 15067.19970531204 2196.1417208226753 8.0 8.0 0.0 135.0 0.0 22.0 0.0 1.0 0.0 0.0 22.0 -0.19534065777445814 -0.1979428352555008
6483.0 12749.887259522728 7739.496849476547 8.0 8.0 0.0 135.0 0.0 22.0 0.0 1.0 0.0 0.0 22.0 -0.12453273834542089 -0.028562539657743614
6484.0 16897.725153390125 10284.127849182383 8.0 8.0 0.0 135.0 0.0 22.0 0.0 1.0 0.0 0.0 22.0 -0.2512723066757867 0.04919007422215693
6485.0 15414.244692544476 7872.442689083792 8.0 8.0 0.0 135.0 0.0 22.0 0.0 1.0 0.0 0.0 22.0 -0.20594366326451813 -0.024500305669744458
6486.0 4416.022930831922 11225.720784999883 8.0 8.0 0.0 135.0 0.0 22.0 0.0 1.0 0.0 0.0 22.0 0.1301132520646271 0.07796096948324721
6487.0 11433.716615522311 13115.374500954324 8.0 8.0 0.0 135.0 0.0 22.0 0.0 1.0 0.0 0.0 22.0 -0.08431663412112875 0.1357003885818551
6488.0 356.3916921683662 16473.20108126103 8.0 8.0 0.0 135.0 0.0 22.0 0.0 1.0 0.0 0.0 22.0 0.2541596177347136 0.23830064520233785
6489.0 17194.25638675718 6069.920158993418 8.0 8.0 0.0 135.0 0.0 22.0 0.0 1.0 0.0 0.0 22.0 -0.2603331417403765 -0.07957738297806144
6490.0 4528.075375378477 2829.629885906075 8.0 8.0 0.0 135.0 0.0 22.5 0.0 1.0 0.0 0.0 22.5 0.1266899223289557 -0.17858625243350804
6491.0 11533.22543644401 4581.4723737104505 8.0 8.0 0.0 135.0 0.0 22.5 0.0 1.0 0.0 0.0 22.5 -0.08735715303065011 -0.12505773197281878
6492.0 14731.577048931365 2570.4370607396227 8.0 8.0 0.0 135.0 0.0 22.5 0.0 1.0 0.0 0.0 22.5 -0.18508533590358126 -0.18650603320248296
6493.0 2783.827900620047 6839.586979238094 8.0 8.0 0.0 135.0 0.0 22.5 0.0 1.0 0.0 0.0 22.5 0.17998584369158022 -0.05605978569280747
6494.0 14709.470177098103 15137.769641546782 8.0 8.0 0.0 135.0 0.0 22.5 0.0 1.0 0.0 0.0 22.5 -0.18440996310545268 0.19749579565551353
6495.0 212.44444421978983 6020.983111639335 8.0 8.0 0.0 135.0 0.0 22.5 0.0 1.0 0.0 0.0 22.5 0.2585560664344071 -0.08107268164721397
6496.0 7667.658832301156 2581.8568627491068 8.0 8.0 0.0 135.0 0.0 22.5 0.0 1.0 0.0 0.0 22.5 0.030757752527257032 -0.18615709480774872
6497.0 8189.164401711447 9066.918373321036 8.0 8.0 0.0 135.0 0.0 22.5 0.0 1.0 0.0 0.0 22.5 0.014822698108865546 0.011997562459726871
6498.0 6489.928356986414 17208.778716266734 8.0 8.0 0.0 135.0 0.0 22.5 0.0 1.0 0.0 0.0 22.5 0.06674449046671364 0.26077662849417876
6499.0 10172.920252334085 3264.669728505011 8.0 8.0 0.0 135.0 0.0 22.5 0.0 1.0 0.0 0.0 22.5 -0.04579225487652091 -0.16529336835409614
6500.0 15871.180680475274 13494.9960762692 8.0 8.0 0.0 135.0 0.0 22.5 0.0 1.0 0.0 0.0 22.5 -0.21990630412086523 0.14729993671647637
6501.0 5672.784300998044 14284.077007240325 8.0 8.0 0.0 135.0 0.0 22.5 0.0 1.0 0.0 0.0 22.5 0.09171250017062145 0.17141074294059402
6502.0 10049.314336188849 6962.635007813257 8.0 8.0 0.0 135.0 0.0 22.5 0.0 1.0 0.0 0.0 22.5 -0.04201523438457985 -0.052299984819677466
6503.0 15222.695261285073 10748.313999496839 8.0 8.0 0.0 135.0 0.0 22.5 0.0 1.0 0.0 0.0 22.5 -0.20009086754370595 0.06337353992620974
6504.0 13410.342883916002 7501.048861636447 8.0 8.0 0.0 135.0 0.0 22.5 0.0 1.0 0.0 0.0 22.5 -0.14471333971984363 -0.035848450397302216
6505.0 706.6627450625488 4550.989810523936 8.0 8.0 0.0 135.0 0.0 22.5 0.0 1.0 0.0 0.0 22.5 0.24345528143428655 -0.12598914362574004
6506.0 16356.04493230258 7392.539793207643 8.0 8.0 0.0 135.0 0.0 22.5 0.0 1.0 0.0 0.0 22.5 -0.2347209288182653 -0.039164005265960124
6507.0 809.2557660051228 1653.144913621214 8.0 8.0 0.0 135.0 0.0 22.5 0.0 1.0 0.0 0.0 22.5 0.2403215907519334 -0.21453440436443436
6508.0 10214.100972924356 12264.657652753413 8.0 8.0 0.0 135.0 0.0 22.5 0.0 1.0 0.0 0.0 22.5 -0.04705045036270952 0.10970626266460505
6509.0 9981.546302635954 14385.289927431484 8.0 8.0 0.0 135.0 0.0 22.5 0.0 1.0 0.0 0.0 22.5 -0.0399447122306786 0.174503359946435
6510.0 13642.72374856359 5332.940577803136 8.0 8.0 0.0 135.0 0.0 22.5 0.0 1.0 0.0 0.0 22.5 -0.15181407883590176 -0.10209620351443117
6511.0 2575.2704823922472 9827.546837754622 8.0 8.0 0.0 135.0 0.0 22.5 0.0 1.0 0.0 0.0 22.5 0.18635838056551846 0.03523898776186424
6512.0 3111.814735284203 4027.4385001197943 8.0 8.0 0.0 135.0 0.0 22.5 0.0 1.0 0.0 0.0 22.5 0.16996445947904448 -0.14198654477697772
6513.0 13047.958522532967 2211.252941204809 8.0 8.0 0.0 135.0 0.0 22.5 0.0 1.0 0.0 0.0 22.5 -0.13364124971670474 -0.1974811035216023
6514.0 2593.689438928568 11512.814382444352 8.0 8.0 0.0 135.0 0.0 22.5 0.0 1.0 0.0 0.0 22.5 0.18579575674749352 0.086733273849606
6515.0 8144.188385893425 2326.5712369128637 8.0 8.0 0.0 135.0 0.0 22.5 0.0 1.0 0.0 0.0 22.5 0.01619705773936166 -0.19395748893052286
6516.0 12693.027438803965 13566.196529184846 8.0 8.0 0.0 135.0 0.0 22.5 0.0 1.0 0.0 0.0 22.5 -0.12279575733706699 0.1494755061111211
6517.0 11298.097790366759 4714.545134561646 8.0 8.0 0.0 135.0 0.0 22.5 0.0 1.0 0.0 0.0 22.5 -0.08017266784803677 -0.12099161983569894
6518.0 3653.6755153557733 14200.013770849957 8.0 8.0 0.0 135.0 0.0 22.5 0.0 1.0 0.0 0.0 22.5 0.15340774651334083 0.16884214405088835
6519.0 5273.267237936936 6393.01699361229 8.0 8.0 0.0 135.0 0.0 22.5 0.0 1.0 0.0 0.0 22.5 0.10391963247006997 -0.06970497969804035
6520.0 16810.301562879937 6398.881117378808 8.0 8.0 0.0 135.0 0.0 22.5 0.0 1.0 0.0 0.0 22.5 -0.2486011207251763 -0.06952579813850786
6521.0 7783.780985431514 13021.342874397535 8.0 8.0 0.0 135.0 0.0 23.0 0.0 1.0 0.0 0.0 23.0 0.02720948639843628 0.1328271999926199
6522.0 771.2723860240965 8852.367094491217 8.0 8.0 0.0 135.0 0.0 23.0 0.0 1.0 0.0 0.0 23.0 0.2414805104635186 0.0054418289399268665
