py/stars_radec00.ecsv
# %ECSV 1.0
# ---
# datatype:
# - {name: index, datatype: float64}
# - {name: Xpos, datatype: float64}
# - {name: Ypos, datatype: float64}
# - {name: '8', datatype: float64}
# - {name: 8again, datatype: float64}
# - {name: '0', datatype: float64}
# - {name: star_template_index, datatype: float64}
# - {name: 0again, datatype: float64}
# - {name: magnitude, datatype: float64}
# - {name: 0again2, datatype: float64}
# - {name: '1', datatype: float64}
# - {name: 0again3, datatype: float64}
# - {name: 0again4, datatype: float64}
# - {name: mag_again, datatype: float64}
# - {name: RA, datatype: float64}
# - {name: DEC, datatype: float64}
# schema: astropy-2.0
index Xpos Ypos 8 8again 0 star_template_index 0again magnitude 0again2 1 0again3 0again4 mag_again RA DEC
[from data line 2905]
2905.0 11255.298505994493 11372.159269477706 8.0 8.0 0.0 131.0 0.0 23.5 0.0 1.0 0.0 0.0 23.5 -0.07886481480776444 0.0824354787311807
2906.0 16791.770340546413 13821.472415376764 8.0 8.0 0.0 131.0 0.0 23.5 0.0 1.0 0.0 0.0 23.5 -0.24803564036392103 0.1572756026336519
2907.0 999.2942273019169 12021.35536925533 8.0 8.0 0.0 131.0 0.0 23.5 0.0 1.0 0.0 0.0 23.5 0.2345135489347996 0.10227202622438587
2908.0 16010.350929128634 15977.380709251196 8.0 8.0 0.0 131.0 0.0 24.0 0.0 1.0 0.0 0.0 24.0 -0.22415970177786398 0.2231505782798151
2909.0 9850.699524535277 3911.8218205136873 8.0 8.0 0.0 131.0 0.0 24.0 0.0 1.0 0.0 0.0 24.0 -0.035946546906232404 -0.145519276653831
2910.0 12220.258663001547 3506.142104492323 8.0 8.0 0.0 131.0 0.0 24.0 0.0 1.0 0.0 0.0 24.0 -0.10835003839573583 -0.15791504575448378
2911.0 2588.1280424843003 12361.557035500799 8.0 8.0 0.0 131.0 0.0 24.0 0.0 1.0 0.0 0.0 24.0 0.1859658349707639 0.11266707713744185
2912.0 9253.494112312364 8698.468630793293 8.0 8.0 0.0 131.0 0.0 24.0 0.0 1.0 0.0 0.0 24.0 -0.01769848781926889 0.0007393758824903013
2913.0 11684.480798622291 10394.572578100839 8.0 8.0 0.0 131.0 0.0 24.0 0.0 1.0 0.0 0.0 24.0 -0.0919786752742196 0.05256477427244308
2914.0 7915.225460210931 12292.178607900614 8.0 8.0 0.0 131.0 0.0 24.0 0.0 1.0 0.0 0.0 24.0 0.023193097499415817 0.11054718073854733
2915.0 2688.766832892232 9497.080930386597 8.0 8.0 0.0 131.0 0.0 24.0 0.0 1.0 0.0 0.0 24.0 0.18289041888299792 0.02514141837006347
2916.0 4235.109965917289 13665.332662469833 8.0 8.0 0.0 131.0 0.0 24.0 0.0 1.0 0.0 0.0 24.0 0.13564150825539376 0.15250466573927346
2917.0 14822.469004832974 5531.8836369350665 8.0 8.0 0.0 131.0 0.0 24.0 0.0 1.0 0.0 0.0 24.0 -0.18786187332657706 -0.0960173878187333
2918.0 598.0214582982524 14902.2315730202 8.0 8.0 0.0 131.0 0.0 24.0 0.0 1.0 0.0 0.0 24.0 0.24677564884880424 0.19029879911720138
2919.0 12297.723362310502 1868.0277041397908 8.0 8.0 0.0 131.0 0.0 24.0 0.0 1.0 0.0 0.0 24.0 -0.1107173331385888 -0.20796854132081113
2920.0 17337.959772284863 10999.04446351952 8.0 8.0 0.0 131.0 0.0 24.0 0.0 1.0 0.0 0.0 24.0 -0.2647240308790272 0.071034748549125
2921.0 129.81907036792634 15442.50096921828 8.0 8.0 0.0 131.0 0.0 24.0 0.0 1.0 0.0 0.0 24.0 0.26108217251429583 0.2068070306676982
2922.0 2793.9077519427315 4383.874627700151 8.0 8.0 0.0 131.0 0.0 24.0 0.0 1.0 0.0 0.0 24.0 0.17967823240427913 -0.13109544087868905
2923.0 11695.420549082462 5670.10500302925 8.0 8.0 0.0 131.0 0.0 24.0 0.0 1.0 0.0 0.0 24.0 -0.09231302519112969 -0.0917939571880777
2924.0 1040.7534983779528 5298.969446155043 8.0 8.0 0.0 131.0 0.0 24.0 0.0 1.0 0.0 0.0 24.0 0.23324674214750796 -0.10313421031478956
2925.0 10231.996158229444 9789.152561331815 8.0 8.0 0.0 131.0 0.0 24.0 0.0 1.0 0.0 0.0 24.0 -0.0475971698559018 0.034065829315611806
2926.0 11866.404353139547 7162.723929432239 8.0 8.0 0.0 131.0 0.0 24.0 0.0 1.0 0.0 0.0 24.0 -0.09753744353288742 -0.04618615665909748
2927.0 10203.481474942415 1872.9361629562798 8.0 8.0 0.0 131.0 0.0 24.0 0.0 1.0 0.0 0.0 24.0 -0.0467261868179046 -0.2078185606347518
2928.0 6335.42206655872 15462.533577240063 8.0 8.0 0.0 131.0 0.0 24.0 0.0 1.0 0.0 0.0 24.0 0.07146529298372753 0.2074191381350305
2929.0 12096.831022956716 3550.8410460607756 8.0 8.0 0.0 131.0 0.0 24.0 0.0 1.0 0.0 0.0 24.0 -0.10457861711775325 -0.15654924476211443
2930.0 10310.14169576113 9265.50936808943 8.0 8.0 0.0 131.0 0.0 24.0 0.0 1.0 0.0 0.0 24.0 -0.049984944241183306 0.01806562063320558
2931.0 3602.2021487734146 10318.997569842615 8.0 8.0 0.0 131.0 0.0 24.0 0.0 1.0 0.0 0.0 24.0 0.15497993735149912 0.05025553790899735
2932.0 9769.58048838871 706.9850608794319 8.0 8.0 0.0 131.0 0.0 24.0 0.0 1.0 0.0 0.0 24.0 -0.03346809585730673 -0.24344484430932214
2933.0 15299.804175524378 1660.4693122318574 8.0 8.0 0.0 131.0 0.0 24.0 0.0 1.0 0.0 0.0 24.0 -0.20244826706372518 -0.21431060329577578
2934.0 11568.585096609082 16857.399508731054 8.0 8.0 0.0 131.0 0.0 24.0 0.0 1.0 0.0 0.0 24.0 -0.08843822114246333 0.25004004159725524
2935.0 8184.894662977019 11528.320075992071 8.0 8.0 0.0 131.0 0.0 24.0 0.0 1.0 0.0 0.0 24.0 0.014953179343548974 0.08720705893023072
2936.0 5579.015234534827 582.3068753118495 8.0 8.0 0.0 131.0 0.0 24.0 0.0 1.0 0.0 0.0 24.0 0.09457813631930566 -0.24725445553499825
2937.0 1490.0004901149782 13778.198336742704 8.0 8.0 0.0 131.0 0.0 24.0 0.0 1.0 0.0 0.0 24.0 0.21952018604345505 0.1559533391198334
2938.0 4243.924025676213 8822.476158045643 8.0 8.0 0.0 131.0 0.0 24.0 0.0 1.0 0.0 0.0 24.0 0.13537170969668968 0.004528494770756551
2939.0 194.0738529665497 1304.6029157312842 8.0 8.0 0.0 131.0 0.0 24.0 0.0 1.0 0.0 0.0 24.0 0.2591191324609862 -0.22518429874440443
2940.0 17116.520921101688 11810.056193890787 8.0 8.0 0.0 131.0 0.0 24.0 0.0 1.0 0.0 0.0 24.0 -0.25795800100900595 0.09581566253269148
2941.0 3859.7426395288685 8663.025651686554 8.0 8.0 0.0 131.0 0.0 24.0 0.0 1.0 0.0 0.0 24.0 0.14711058496434581 -0.00034360403466007484
2942.0 14136.909312159562 3555.0597248266226 8.0 8.0 0.0 131.0 0.0 24.0 0.0 1.0 0.0 0.0 24.0 -0.1669145742787665 -0.15642034068871355
2943.0 2925.742772795747 15226.854510769159 8.0 8.0 0.0 131.0 0.0 24.0 0.0 1.0 0.0 0.0 24.0 0.17565054223411053 0.20021783332619728
2944.0 4920.066384075572 5055.015636620705 8.0 8.0 0.0 131.0 0.0 24.0 0.0 1.0 0.0 0.0 24.0 0.11471201755264127 -0.11058835449500545
2945.0 7256.501535409457 4936.642670195827 8.0 8.0 0.0 131.0 0.0 24.0 0.0 1.0 0.0 0.0 24.0 0.04332081586829683 -0.11420530624687673
2946.0 5627.965208062936 4732.22387182348 8.0 8.0 0.0 131.0 0.0 24.0 0.0 1.0 0.0 0.0 24.0 0.09308176772426549 -0.12045143619714288
2947.0 13850.222405734577 13314.238589554096 8.0 8.0 0.0 131.0 0.0 24.0 0.0 1.0 0.0 0.0 24.0 -0.15815455875203582 0.14177679128907036
2948.0 16614.584071964022 12250.129233041424 8.0 8.0 0.0 131.0 0.0 24.0 0.0 1.0 0.0 0.0 24.0 -0.2426211221874146 0.10926233872896095
2949.0 15185.08289252959 15668.260630062912 8.0 8.0 0.0 131.0 0.0 24.0 0.0 1.0 0.0 0.0 24.0 -0.1989428621550981 0.21370524252683976
2950.0 2664.3520365082363 3978.7010257047414 8.0 8.0 0.0 131.0 0.0 24.0 0.0 1.0 0.0 0.0 24.0 0.18363698470309237 -0.14347574538410435
2951.0 13474.415927837232 13642.279015928621 8.0 8.0 0.0 131.0 0.0 24.0 0.0 1.0 0.0 0.0 24.0 -0.1466716136204396 0.15180024876162532
2952.0 2566.6632021436185 9941.50510863683 8.0 8.0 0.0 131.0 0.0 24.0 0.0 1.0 0.0 0.0 24.0 0.18662138816521945 0.03872104603882057
2953.0 15845.830260194472 5355.141095210184 8.0 8.0 0.0 131.0 0.0 24.0 0.0 1.0 0.0 0.0 24.0 -0.2191313245127539 -0.10141785437143803
2954.0 8984.438091043026 615.0774962602967 8.0 8.0 0.0 131.0 0.0 24.0 0.0 1.0 0.0 0.0 24.0 -0.009477419146525971 -0.24625313100601795
2955.0 5835.7213498193805 14207.545759061017 8.0 8.0 0.0 131.0 0.0 24.0 0.0 1.0 0.0 0.0 24.0 0.08673383532530005 0.16907228813511516
2956.0 2724.1633962034057 4182.236753255201 8.0 8.0 0.0 131.0 0.0 24.0 0.0 1.0 0.0 0.0 24.0 0.18180936130252812 -0.13725659815339586
2957.0 204.87045929436837 10959.820438590255 8.0 8.0 0.0 131.0 0.0 24.0 0.0 1.0 0.0 0.0 24.0 0.2587874271470057 0.06983623667628636
2958.0 4301.518736436776 9522.058303573778 8.0 8.0 0.0 131.0 0.0 24.0 0.0 1.0 0.0 0.0 24.0 0.13361188454553413 0.025904615884116224
2959.0 15856.915227513678 77.19300697875664 8.0 8.0 0.0 131.0 0.0 24.0 0.0 1.0 0.0 0.0 24.0 -0.2194719952285322 -0.26268849040073167
2960.0 13831.336427755747 17250.411977138734 8.0 8.0 0.0 131.0 0.0 24.0 0.0 1.0 0.0 0.0 24.0 -0.15757865111951147 0.2620487559097121
2961.0 16824.506627100593 14127.426826761299 8.0 8.0 0.0 131.0 0.0 24.0 0.0 1.0 0.0 0.0 24.0 -0.2490360344087673 0.16662420964817937
2962.0 1748.0654558949104 8439.56714846486 8.0 8.0 0.0 131.0 0.0 24.0 0.0 1.0 0.0 0.0 24.0 0.2116340561194212 -0.007171502744211855
2963.0 10273.437654743173 11802.930665411073 8.0 8.0 0.0 131.0 0.0 24.0 0.0 1.0 0.0 0.0 24.0 -0.048863497407310344 0.0955979380513669
2964.0 4461.18573456959 8268.215010960357 8.0 8.0 0.0 131.0 0.0 24.0 0.0 1.0 0.0 0.0 24.0 0.1287331600760111 -0.012407262501293861
2965.0 9419.246850016892 12917.486013218393 8.0 8.0 0.0 131.0 0.0 24.0 0.0 1.0 0.0 0.0 24.0 -0.022763213084425502 0.129653795901035
2966.0 5559.424960957747 2330.4043852589043 8.0 8.0 0.0 131.0 0.0 24.0 0.0 1.0 0.0 0.0 24.0 0.09517639204320158 -0.19384036495328272
2967.0 4917.713932878985 7743.538875649419 8.0 8.0 0.0 131.0 0.0 24.0 0.0 1.0 0.0 0.0 24.0 0.11478369847107597 -0.028439033302461406
2968.0 9955.379179800848 5821.080724883441 8.0 8.0 0.0 131.0 0.0 24.0 0.0 1.0 0.0 0.0 24.0 -0.03914502130615943 -0.08718081013142187
2969.0 3180.3027845946463 7974.348182030869 8.0 8.0 0.0 131.0 0.0 24.0 0.0 1.0 0.0 0.0 24.0 0.1678712588903001 -0.021386526718583782
2970.0 8138.7810172931095 7815.043625056102 8.0 8.0 0.0 131.0 0.0 24.0 0.0 1.0 0.0 0.0 24.0 0.01636219180333158 -0.026254165959479422
2971.0 11290.643751058702 2482.4713618134606 8.0 8.0 0.0 131.0 0.0 24.0 0.0 1.0 0.0 0.0 24.0 -0.07994516262309112 -0.18919387400300458
2972.0 2223.7720481209008 16940.65273663852 8.0 8.0 0.0 131.0 0.0 24.0 0.0 1.0 0.0 0.0 24.0 0.19710049049398728 0.2525838902277611
2973.0 16144.453559947011 268.7660859456176 8.0 8.0 0.0 131.0 0.0 24.0 0.0 1.0 0.0 0.0 24.0 -0.2282578753346026 -0.2568348685434109
2974.0 8773.58606212102 174.75090370281862 8.0 8.0 0.0 131.0 0.0 24.0 0.0 1.0 0.0 0.0 24.0 -0.0030346619034008183 -0.2597075546674964
2975.0 14217.615234936746 6478.662305486635 8.0 8.0 0.0 131.0 0.0 24.0 0.0 1.0 0.0 0.0 24.0 -0.16938008267668547 -0.06708803961299092
2976.0 11344.305663209212 10762.624996908018 8.0 8.0 0.0 131.0 0.0 24.0 0.0 1.0 0.0 0.0 24.0 -0.0815844469139502 0.06381082040266245
2977.0 12317.4809708261 3116.721505791316 8.0 8.0 0.0 131.0 0.0 24.0 0.0 1.0 0.0 0.0 24.0 -0.11132079742581064 -0.1698140084925701
2978.0 12423.827527764084 9250.138437196105 8.0 8.0 0.0 131.0 0.0 24.0 0.0 1.0 0.0 0.0 24.0 -0.114569792026084 0.017595953300353986
2979.0 15181.707098959952 12539.039661422328 8.0 8.0 0.0 131.0 0.0 24.0 0.0 1.0 0.0 0.0 24.0 -0.19883875140752516 0.11809015737393304
2980.0 10645.159507495533 1631.8144028955896 8.0 8.0 0.0 131.0 0.0 24.0 0.0 1.0 0.0 0.0 24.0 -0.06022202184049643 -0.21518616996993956
2981.0 4826.661872003776 17078.29324438933 8.0 8.0 0.0 131.0 0.0 24.0 0.0 1.0 0.0 0.0 24.0 0.11756701140322022 0.2567895724090358
2982.0 1726.3471937071401 5841.265244314137 8.0 8.0 0.0 131.0 0.0 24.0 0.0 1.0 0.0 0.0 24.0 0.2122979103241273 -0.08656406092659505
2983.0 10517.564182056507 11144.970626467875 8.0 8.0 0.0 131.0 0.0 24.0 0.0 1.0 0.0 0.0 24.0 -0.05632289995109852 0.07549360352810253
2984.0 1151.124386395585 1920.8280822239626 8.0 8.0 0.0 131.0 0.0 24.0 0.0 1.0 0.0 0.0 24.0 0.229875411370997 -0.2063551964349059
2985.0 4186.089520463241 12308.554235276504 8.0 8.0 0.0 131.0 0.0 24.0 0.0 1.0 0.0 0.0 24.0 0.1371391322860659 0.11104754713058841
2986.0 1053.1811265473998 14580.692025459328 8.0 8.0 0.0 131.0 0.0 24.0 0.0 1.0 0.0 0.0 24.0 0.2328677864071312 0.1804739796083969
2987.0 9522.399253541045 1826.5436873014921 8.0 8.0 0.0 131.0 0.0 24.0 0.0 1.0 0.0 0.0 24.0 -0.025915206603149887 -0.20923610850198138
2988.0 2781.632654572319 2183.5421882849323 8.0 8.0 0.0 131.0 0.0 24.0 0.0 1.0 0.0 0.0 24.0 0.1800539131858261 -0.19832782097193186
2989.0 10589.676865256562 4875.762802023491 8.0 8.0 0.0 131.0 0.0 24.0 0.0 1.0 0.0 0.0 24.0 -0.05852641424115912 -0.11606552444103146
2990.0 13720.35674082971 207.0689913505759 8.0 8.0 0.0 131.0 0.0 24.0 0.0 1.0 0.0 0.0 24.0 -0.15418752895338167 -0.25872005754492605
2991.0 14258.431997237456 17106.55204673917 8.0 8.0 0.0 131.0 0.0 24.0 0.0 1.0 0.0 0.0 24.0 -0.1706288706429285 0.2576530358141698
2992.0 5370.128474143644 10381.091106419217 8.0 8.0 0.0 131.0 0.0 24.0 0.0 1.0 0.0 0.0 24.0 0.10095994850620874 0.05215284041550463
2993.0 9523.56062890593 10540.790939113504 8.0 8.0 0.0 131.0 0.0 24.0 0.0 1.0 0.0 0.0 24.0 -0.025950533125585585 0.05703255752560783
2994.0 9767.415676651011 16636.595236179746 8.0 8.0 0.0 131.0 0.0 24.0 0.0 1.0 0.0 0.0 24.0 -0.033401947859499265 0.2432932443804097
2995.0 8203.903022300052 14434.494255181333 8.0 8.0 0.0 131.0 0.0 24.0 0.0 1.0 0.0 0.0 24.0 0.014372418856742944 0.1760068255165693
2996.0 11365.270695914593 14125.927481959001 8.0 8.0 0.0 131.0 0.0 24.0 0.0 1.0 0.0 0.0 24.0 -0.08222534204911008 0.1665783963347758
2997.0 3644.705238638336 5889.871038217219 8.0 8.0 0.0 131.0 0.0 24.0 0.0 1.0 0.0 0.0 24.0 0.15368134164076672 -0.08507888389066752
2998.0 16988.442224669867 5809.391561826351 8.0 8.0 0.0 131.0 0.0 24.0 0.0 1.0 0.0 0.0 24.0 -0.2540444210860844 -0.08753797900261072
2999.0 1701.5419750490216 5061.228175658929 8.0 8.0 0.0 131.0 0.0 24.0 0.0 1.0 0.0 0.0 24.0 0.2130560007638352 -0.11039852691328195
3000.0 14385.777587546369 6014.66589747427 8.0 8.0 0.0 131.0 0.0 24.0 0.0 1.0 0.0 0.0 24.0 -0.17451843621399796 -0.08126570763559095
3001.0 10306.699032701277 6410.438173175417 8.0 8.0 0.0 131.0 0.0 24.0 0.0 1.0 0.0 0.0 24.0 -0.04987978562528463 -0.06917266587805591
3002.0 4247.872804199123 2428.8598433327743 8.0 8.0 0.0 131.0 0.0 24.0 0.0 1.0 0.0 0.0 24.0 0.13525180233982562 -0.1908320037343589
3003.0 12936.373880348208 6175.17635665359 8.0 8.0 0.0 131.0 0.0 24.0 0.0 1.0 0.0 0.0 24.0 -0.1302310408349071 -0.07636122138288952
3004.0 1465.6203456700932 7750.409592309385 8.0 8.0 0.0 131.0 0.0 24.0 0.0 1.0 0.0 0.0 24.0 0.22026434845242854 -0.028229094737851356
3005.0 13435.020132320273 5366.72522127449 8.0 8.0 0.0 131.0 0.0 24.0 0.0 1.0 0.0 0.0 24.0 -0.14546756472826472 -0.1010638949639176
3006.0 10235.383259540056 2868.5287801977797 8.0 8.0 0.0 131.0 0.0 24.0 0.0 1.0 0.0 0.0 24.0 -0.04770088484239361 -0.17739767510792817
3007.0 1921.3565224458189 6478.125882414237 8.0 8.0 0.0 131.0 0.0 24.0 0.0 1.0 0.0 0.0 24.0 0.2063391911674104 -0.06710443031798087
3008.0 1379.3055806078514 8343.048581197716 8.0 8.0 0.0 131.0 0.0 24.0 0.0 1.0 0.0 0.0 24.0 0.22290172079504444 -0.010120681188485676
3009.0 13025.915477497385 12503.586505984547 8.0 8.0 0.0 131.0 0.0 24.0 0.0 1.0 0.0 0.0 24.0 -0.13296719568359294 0.11700686651333418
3010.0 5082.010803844454 12338.93799860644 8.0 8.0 0.0 131.0 0.0 24.0 0.0 1.0 0.0 0.0 24.0 0.10976371178321809 0.1119759398990031
3011.0 15428.090285745313 3516.4632091202784 8.0 8.0 0.0 131.0 0.0 24.0 0.0 1.0 0.0 0.0 24.0 -0.20636748491424836 -0.1575996786686296
3012.0 13220.85562134052 635.9176534124497 8.0 8.0 0.0 131.0 0.0 24.0 0.0 1.0 0.0 0.0 24.0 -0.13892469930782902 -0.2456163484263688
3013.0 12112.582609424013 5270.478687480673 8.0 8.0 0.0 131.0 0.0 24.0 0.0 1.0 0.0 0.0 24.0 -0.10505969831764082 -0.10400476127428421
3014.0 4833.408735713004 2726.085745172804 8.0 8.0 0.0 131.0 0.0 24.0 0.0 1.0 0.0 0.0 24.0 0.1173602669330374 -0.18175010117813578
3015.0 12299.153586168442 6866.3529555567675 8.0 8.0 0.0 131.0 0.0 24.0 0.0 1.0 0.0 0.0 24.0 -0.11076035655549263 -0.05524193641640355
3016.0 16448.97968928699 16990.22703511247 8.0 8.0 0.0 131.0 0.0 24.0 0.0 1.0 0.0 0.0 24.0 -0.23756288329997047 0.25409866045890966
3017.0 1588.4296091348056 3141.324237748251 8.0 8.0 0.0 131.0 0.0 24.0 0.0 1.0 0.0 0.0 24.0 0.21651275898913336 -0.16906225834944152
3018.0 5658.446211853722 5531.997920230329 8.0 8.0 0.0 131.0 0.0 24.0 0.0 1.0 0.0 0.0 24.0 0.09215032741627235 -0.09601389582915583
3019.0 4071.2215947581462 12579.67598966937 8.0 8.0 0.0 131.0 0.0 24.0 0.0 1.0 0.0 0.0 24.0 0.14064903304836623 0.11933182295925929
3020.0 6822.316374559202 8833.578766493669 8.0 8.0 0.0 131.0 0.0 24.0 0.0 1.0 0.0 0.0 24.0 0.056587498817772294 0.0048677411400017715
3021.0 12878.389054586161 762.0892327511522 8.0 8.0 0.0 131.0 0.0 24.0 0.0 1.0 0.0 0.0 24.0 -0.12846031018785334 -0.2417611057243529
3022.0 8227.417223143751 2805.0860305132283 8.0 8.0 0.0 131.0 0.0 24.0 0.0 1.0 0.0 0.0 24.0 0.013653928456807744 -0.1793362035705117
3023.0 9901.343747867906 16225.215946976574 8.0 8.0 0.0 131.0 0.0 24.0 0.0 1.0 0.0 0.0 24.0 -0.03749419734699372 0.2307233216547572
