py/stars_radec00.ecsv
# %ECSV 1.0
# ---
# datatype:
# - {name: index, datatype: float64}
# - {name: Xpos, datatype: float64}
# - {name: Ypos, datatype: float64}
# - {name: '8', datatype: float64}
# - {name: 8again, datatype: float64}
# - {name: '0', datatype: float64}
# - {name: star_template_index, datatype: float64}
# - {name: 0again, datatype: float64}
# - {name: magnitude, datatype: float64}
# - {name: 0again2, datatype: float64}
# - {name: '1', datatype: float64}
# - {name: 0again3, datatype: float64}
# - {name: 0again4, datatype: float64}
# - {name: mag_again, datatype: float64}
# - {name: RA, datatype: float64}
# - {name: DEC, datatype: float64}
# schema: astropy-2.0
index Xpos Ypos 8 8again 0 star_template_index 0again magnitude 0again2 1 0again3 0again4 mag_again RA DEC
[from data line 1336]
1336.0 3254.7476480867285 9854.325319085608 8.0 8.0 0.0 130.0 0.0 21.0 0.0 1.0 0.0 0.0 21.0 0.16559657582498724 0.03605721913586659
1337.0 10309.76464754696 13902.387731693023 8.0 8.0 0.0 130.0 0.0 21.0 0.0 1.0 0.0 0.0 21.0 -0.04997361507773298 0.1597480150766487
1338.0 15234.577258657662 8251.870432110842 8.0 8.0 0.0 130.0 0.0 21.0 0.0 1.0 0.0 0.0 21.0 -0.20045381126424996 -0.012906680188362392
1339.0 6496.403235083429 3326.9640394365906 8.0 8.0 0.0 130.0 0.0 21.0 0.0 1.0 0.0 0.0 21.0 0.06654622623481099 -0.16338993107563118
1340.0 1754.0445408429382 11100.349940031017 8.0 8.0 0.0 130.0 0.0 21.0 0.0 1.0 0.0 0.0 21.0 0.21145153717997986 0.07413019366475408
1341.0 14069.023766625043 1392.7466045348522 8.0 8.0 0.0 130.0 0.0 21.0 0.0 1.0 0.0 0.0 21.0 -0.16484091453659075 -0.2224910193642954
1342.0 8357.895084087133 10141.749170912006 8.0 8.0 0.0 130.0 0.0 21.0 0.0 1.0 0.0 0.0 21.0 0.00966704100498529 0.044839614608339844
1343.0 9791.389978198196 3690.118197872225 8.0 8.0 0.0 130.0 0.0 21.0 0.0 1.0 0.0 0.0 21.0 -0.03413431541192993 -0.15229355401232011
1344.0 17038.771328485516 11882.6483750399 8.0 8.0 0.0 130.0 0.0 21.0 0.0 1.0 0.0 0.0 21.0 -0.2555823324283827 0.09803375695669217
1345.0 10534.232852565307 14365.341361444354 8.0 8.0 0.0 130.0 0.0 21.0 0.0 1.0 0.0 0.0 21.0 -0.05683243329911119 0.1738938204301616
1346.0 7372.772614810932 1900.094338528419 8.0 8.0 0.0 130.0 0.0 21.0 0.0 1.0 0.0 0.0 21.0 0.03976826189373835 -0.20698872749226976
1347.0 6418.689252177388 6944.075687872965 8.0 8.0 0.0 130.0 0.0 21.0 0.0 1.0 0.0 0.0 21.0 0.06892057891414266 -0.05286707515118639
1348.0 7245.085733912712 12725.529889528663 8.0 8.0 0.0 130.0 0.0 21.0 0.0 1.0 0.0 0.0 21.0 0.043669647887867216 0.12378846989940438
1349.0 2054.051437601389 2840.009397244563 8.0 8.0 0.0 130.0 0.0 21.0 0.0 1.0 0.0 0.0 21.0 0.20228546193029132 -0.17826910069816534
1350.0 13787.763242969353 9828.359541568838 8.0 8.0 0.0 130.0 0.0 21.0 0.0 1.0 0.0 0.0 21.0 -0.15624562973658435 0.035263820378409715
1351.0 14533.16588833199 11655.426625863496 8.0 8.0 0.0 130.0 0.0 21.0 0.0 1.0 0.0 0.0 21.0 -0.17902201833100387 0.09109087017630205
1352.0 4933.875562521855 6155.151707569411 8.0 8.0 0.0 130.0 0.0 21.0 0.0 1.0 0.0 0.0 21.0 0.11428995989519972 -0.07697308566046167
1353.0 5270.428317774432 14433.67921866319 8.0 8.0 0.0 130.0 0.0 21.0 0.0 1.0 0.0 0.0 21.0 0.10400679094261182 0.17598192162295936
1354.0 15168.424348848554 8859.174842893512 8.0 8.0 0.0 130.0 0.0 21.0 0.0 1.0 0.0 0.0 21.0 -0.19843246823225216 0.005649843474441412
1355.0 415.85071362177507 10877.446157289896 8.0 8.0 0.0 130.0 0.0 21.0 0.0 1.0 0.0 0.0 21.0 0.2523407902080085 0.06731924474766428
1356.0 9029.177691918325 2443.937594970424 8.0 8.0 0.0 130.0 0.0 21.0 0.0 1.0 0.0 0.0 21.0 -0.010844434832074146 -0.19037129465654182
1357.0 8044.097494278395 401.7952548005772 8.0 8.0 0.0 130.0 0.0 21.0 0.0 1.0 0.0 0.0 21.0 0.01925548511610143 -0.25277008838395376
1358.0 11972.693074326358 880.4136996734728 8.0 8.0 0.0 130.0 0.0 21.0 0.0 1.0 0.0 0.0 21.0 -0.10078599334995424 -0.23814563590172647
1359.0 2834.6077315283446 15681.696429030422 8.0 8.0 0.0 130.0 0.0 21.0 0.0 1.0 0.0 0.0 21.0 0.1784353975507487 0.21411578082862479
1360.0 11594.563759010705 15312.558252813174 8.0 8.0 0.0 130.0 0.0 21.0 0.0 1.0 0.0 0.0 21.0 -0.08923173062687731 0.20283655877754223
1361.0 6535.78566399017 14010.533798658835 8.0 8.0 0.0 130.0 0.0 21.0 0.0 1.0 0.0 0.0 21.0 0.0653428682511668 0.1630524782339374
1362.0 10733.799159971393 3462.9786984486977 8.0 8.0 0.0 130.0 0.0 21.0 0.0 1.0 0.0 0.0 21.0 -0.06293027396814166 -0.15923392760581678
1363.0 695.5899527155719 9115.941360865363 8.0 8.0 0.0 130.0 0.0 21.0 0.0 1.0 0.0 0.0 21.0 0.24379303493263185 0.013495487079136876
1364.0 8010.293557132637 13811.47075617771 8.0 8.0 0.0 130.0 0.0 21.0 0.0 1.0 0.0 0.0 21.0 0.020288271950934415 0.15696999638034748
1365.0 9060.29143785101 11704.526457967086 8.0 8.0 0.0 130.0 0.0 21.0 0.0 1.0 0.0 0.0 21.0 -0.011795088166369908 0.09259114282391173
1366.0 3718.250547902339 2004.1242514134483 8.0 8.0 0.0 130.0 0.0 21.0 0.0 1.0 0.0 0.0 21.0 0.15143491250729094 -0.20381003570967163
1367.0 2422.2667937132474 15536.333893144461 8.0 8.0 0.0 130.0 0.0 21.0 0.0 1.0 0.0 0.0 21.0 0.19103473719271521 0.20967414778766488
1368.0 3269.7543144750075 2787.605199482385 8.0 8.0 0.0 130.0 0.0 21.0 0.0 1.0 0.0 0.0 21.0 0.16513881975814046 -0.17987034007423192
1369.0 5970.3458604235775 2980.404759527436 8.0 8.0 0.0 130.0 0.0 21.0 0.0 1.0 0.0 0.0 21.0 0.08262031188564994 -0.17397924240618867
1370.0 1679.5149169711465 15631.18581962789 8.0 8.0 0.0 130.0 0.0 21.0 0.0 1.0 0.0 0.0 21.0 0.21373012523181212 0.21257240109688075
1371.0 16434.617026132673 8407.39720028859 8.0 8.0 0.0 130.0 0.0 21.5 0.0 1.0 0.0 0.0 21.5 -0.23712169036383385 -0.008154473382931212
1372.0 7026.056384069901 6469.12941057032 8.0 8.0 0.0 130.0 0.0 21.5 0.0 1.0 0.0 0.0 21.5 0.050362144258340694 -0.06737932251321167
1373.0 14034.442922985269 9605.137108527157 8.0 8.0 0.0 130.0 0.0 21.5 0.0 1.0 0.0 0.0 21.5 -0.16378305499185442 0.028443134924358345
1374.0 16904.716141465313 17025.81260126809 8.0 8.0 0.0 130.0 0.0 21.5 0.0 1.0 0.0 0.0 21.5 -0.25148832193673815 0.2551859972025536
1375.0 1400.6393757671792 2075.4139472343813 8.0 8.0 0.0 130.0 0.0 21.5 0.0 1.0 0.0 0.0 21.5 0.2222512275693112 -0.20163173944847645
1376.0 11305.51497120011 13131.958705337163 8.0 8.0 0.0 130.0 0.0 21.5 0.0 1.0 0.0 0.0 21.5 -0.0803993523561838 0.13620712816021965
1377.0 15117.67692203028 5800.066179005656 8.0 8.0 0.0 130.0 0.0 21.5 0.0 1.0 0.0 0.0 21.5 -0.1968820827326068 -0.0878229212554653
1378.0 11003.04255650157 2030.634162022564 8.0 8.0 0.0 130.0 0.0 21.5 0.0 1.0 0.0 0.0 21.5 -0.07115735911936037 -0.20300001066328197
1379.0 7442.97757789994 7319.928430753461 8.0 8.0 0.0 130.0 0.0 21.5 0.0 1.0 0.0 0.0 21.5 0.037622860546968485 -0.04138268578539347
1380.0 7478.546187608523 9520.06220925338 8.0 8.0 0.0 130.0 0.0 21.5 0.0 1.0 0.0 0.0 21.5 0.03653603582037234 0.025843624113215155
1381.0 622.7933226512425 3573.134070876454 8.0 8.0 0.0 130.0 0.0 21.5 0.0 1.0 0.0 0.0 21.5 0.24601827998938372 -0.15586806900385755
1382.0 9274.543452937447 7030.834130844774 8.0 8.0 0.0 130.0 0.0 21.5 0.0 1.0 0.0 0.0 21.5 -0.018341669159168683 -0.050216122727047785
1383.0 17236.52215945953 11028.05206692122 8.0 8.0 0.0 130.0 0.0 21.5 0.0 1.0 0.0 0.0 21.5 -0.2616245509318657 0.07192109198639916
1384.0 16632.177539671247 10000.532536404979 8.0 8.0 0.0 130.0 0.0 21.5 0.0 1.0 0.0 0.0 21.5 -0.24315832003019053 0.04052466188729179
1385.0 700.8677082069091 12545.78175739335 8.0 8.0 0.0 130.0 0.0 21.5 0.0 1.0 0.0 0.0 21.5 0.24363228269775716 0.11829616586193646
1386.0 12244.548783981583 14510.398958949982 8.0 8.0 0.0 130.0 0.0 21.5 0.0 1.0 0.0 0.0 21.5 -0.10909235339051945 0.17832613590950022
1387.0 5235.180388357054 7097.988127014485 8.0 8.0 0.0 130.0 0.0 21.5 0.0 1.0 0.0 0.0 21.5 0.10508335754266093 -0.04816419506630662
1388.0 15665.545027011678 7337.865436934876 8.0 8.0 0.0 130.0 0.0 21.5 0.0 1.0 0.0 0.0 21.5 -0.21362232002049403 -0.0408346105965169
1389.0 782.6750494454851 8616.884231133292 8.0 8.0 0.0 130.0 0.0 21.5 0.0 1.0 0.0 0.0 21.5 0.24113209477161557 -0.0017534807737875225
1390.0 16236.05093080741 9825.405229692758 8.0 8.0 0.0 130.0 0.0 21.5 0.0 1.0 0.0 0.0 21.5 -0.2310544341434404 0.03517354973775173
1391.0 14528.982905110002 1879.240436409518 8.0 8.0 0.0 130.0 0.0 21.5 0.0 1.0 0.0 0.0 21.5 -0.1788951532980811 -0.20762593005701396
1392.0 2038.5296812323936 5423.767494548393 8.0 8.0 0.0 130.0 0.0 21.5 0.0 1.0 0.0 0.0 21.5 0.20275906332714064 -0.09932093661388165
1393.0 1037.8650135720627 2982.071988456679 8.0 8.0 0.0 130.0 0.0 21.5 0.0 1.0 0.0 0.0 21.5 0.23333569862575218 -0.17392829930001735
1394.0 14480.960763018284 6693.982756601459 8.0 8.0 0.0 130.0 0.0 21.5 0.0 1.0 0.0 0.0 21.5 -0.17742673442030074 -0.06050880360670463
1395.0 2702.1684576728167 16886.273764880567 8.0 8.0 0.0 130.0 0.0 21.5 0.0 1.0 0.0 0.0 21.5 0.18248265712926645 0.250922310535157
1396.0 9279.70293851365 10109.532330576763 8.0 8.0 0.0 130.0 0.0 21.5 0.0 1.0 0.0 0.0 21.5 -0.01849931848188082 0.04385521115365188
1397.0 15886.83789859556 7449.143224710097 8.0 8.0 0.0 130.0 0.0 21.5 0.0 1.0 0.0 0.0 21.5 -0.22038403943656965 -0.03743445597005183
1398.0 9844.397288459553 9818.179854245356 8.0 8.0 0.0 130.0 0.0 21.5 0.0 1.0 0.0 0.0 21.5 -0.03575386929741622 0.03495277437685888
1399.0 6891.418514804875 11607.502555291623 8.0 8.0 0.0 130.0 0.0 21.5 0.0 1.0 0.0 0.0 21.5 0.05447611097883415 0.08962652357549482
1400.0 7720.379606733531 7545.808316886634 8.0 8.0 0.0 130.0 0.0 21.5 0.0 1.0 0.0 0.0 21.5 0.029146682908436604 -0.03448080037576873
1401.0 1094.990871052421 7767.112230642353 8.0 8.0 0.0 130.0 0.0 21.5 0.0 1.0 0.0 0.0 21.5 0.2315891383219811 -0.027718736344343988
1402.0 16806.4400918518 12168.286776069404 8.0 8.0 0.0 130.0 0.0 21.5 0.0 1.0 0.0 0.0 21.5 -0.2484833796758519 0.10676159698814924
1403.0 5389.39709946714 1055.8770657130224 8.0 8.0 0.0 130.0 0.0 21.5 0.0 1.0 0.0 0.0 21.5 0.10037197153733428 -0.2327842552727402
1404.0 3285.1804410755863 9369.610286924197 8.0 8.0 0.0 130.0 0.0 21.5 0.0 1.0 0.0 0.0 21.5 0.16466666345817516 0.02124648204204568
1405.0 4962.503558246461 9495.339400799854 8.0 8.0 0.0 130.0 0.0 21.5 0.0 1.0 0.0 0.0 21.5 0.11341512331796638 0.0250882049660241
1406.0 16730.468633459557 13128.548196046342 8.0 8.0 0.0 130.0 0.0 21.5 0.0 1.0 0.0 0.0 21.5 -0.246162292700074 0.13610291815411124
1407.0 1635.7255353113605 17047.45351062158 8.0 8.0 0.0 130.0 0.0 21.5 0.0 1.0 0.0 0.0 21.5 0.215068807334522 0.25584724721057683
1408.0 15046.443007410606 13805.185140758858 8.0 8.0 0.0 130.0 0.0 21.5 0.0 1.0 0.0 0.0 21.5 -0.19470598852205095 0.1567779359092159
1409.0 12280.059353995137 8739.997779377554 8.0 8.0 0.0 130.0 0.0 21.5 0.0 1.0 0.0 0.0 21.5 -0.11017687027022999 0.0020083220892316046
1410.0 14399.622382341964 2939.7655609630624 8.0 8.0 0.0 130.0 0.0 21.5 0.0 1.0 0.0 0.0 21.5 -0.17494211413981622 -0.17522099569565566
1411.0 16930.39922209029 10205.470025848977 8.0 8.0 0.0 130.0 0.0 21.5 0.0 1.0 0.0 0.0 21.5 -0.2522706725019368 0.04678664073141398
1412.0 14610.155200583393 14473.869067511298 8.0 8.0 0.0 130.0 0.0 21.5 0.0 1.0 0.0 0.0 21.5 -0.18137511081028376 0.1772099447822071
1413.0 16366.308106675997 16176.024310765128 8.0 8.0 0.0 130.0 0.0 21.5 0.0 1.0 0.0 0.0 21.5 -0.235036351876446 0.22922024388162968
1414.0 2202.141601892612 14317.931574765982 8.0 8.0 0.0 130.0 0.0 21.5 0.0 1.0 0.0 0.0 21.5 0.1977604012630148 0.17244518805943357
1415.0 13805.771146397321 3278.329756783838 8.0 8.0 0.0 130.0 0.0 21.5 0.0 1.0 0.0 0.0 21.5 -0.15679649083263308 -0.16487597860113196
1416.0 9466.677560331378 12362.152132192326 8.0 8.0 0.0 130.0 0.0 21.5 0.0 1.0 0.0 0.0 21.5 -0.024212473334442677 0.11268526064746076
1417.0 9428.856021791724 15269.404852291853 8.0 8.0 0.0 130.0 0.0 21.5 0.0 1.0 0.0 0.0 21.5 -0.023056910996221276 0.20151798265050183
1418.0 15594.978496123338 11814.651277494831 8.0 8.0 0.0 130.0 0.0 21.5 0.0 1.0 0.0 0.0 21.5 -0.21146636277082193 0.09595606786503728
1419.0 16859.379119900383 11896.797911695827 8.0 8.0 0.0 130.0 0.0 21.5 0.0 1.0 0.0 0.0 21.5 -0.2501008990453042 0.09846610391006771
1420.0 12227.917073805811 8677.086304441238 8.0 8.0 0.0 130.0 0.0 21.5 0.0 1.0 0.0 0.0 21.5 -0.10858363386355074 8.602702173305563e-05
1421.0 8378.276812080385 11050.608582841785 8.0 8.0 0.0 130.0 0.0 21.5 0.0 1.0 0.0 0.0 21.5 0.009044270285272781 0.07261031886174978
1422.0 7917.9413833417675 5107.076197623105 8.0 8.0 0.0 130.0 0.0 21.5 0.0 1.0 0.0 0.0 21.5 0.02311010960738419 -0.10899761513104324
1423.0 6702.46090011332 1540.7254983595146 8.0 8.0 0.0 130.0 0.0 21.5 0.0 1.0 0.0 0.0 21.5 0.060250185208908215 -0.21796944205298627
1424.0 6273.2158610397955 14359.64658147535 8.0 8.0 0.0 130.0 0.0 21.5 0.0 1.0 0.0 0.0 21.5 0.07336590708314723 0.17371981326444202
1425.0 6792.072788090381 16362.178392375716 8.0 8.0 0.0 130.0 0.0 21.5 0.0 1.0 0.0 0.0 21.5 0.05751209157039909 0.23490828526417543
1426.0 1557.0877488881429 14864.618057000904 8.0 8.0 0.0 130.0 0.0 21.5 0.0 1.0 0.0 0.0 21.5 0.21747066944451865 0.18914949723883395
1427.0 1343.4031580413732 5792.91322841609 8.0 8.0 0.0 130.0 0.0 21.5 0.0 1.0 0.0 0.0 21.5 0.22399900023606673 -0.08804148363459094
1428.0 13529.604545421818 1622.6117347818947 8.0 8.0 0.0 130.0 0.0 21.5 0.0 1.0 0.0 0.0 21.5 -0.1483584667764964 -0.2154673626067469
1429.0 7738.714206047816 4859.992513398916 8.0 8.0 0.0 130.0 0.0 21.5 0.0 1.0 0.0 0.0 21.5 0.02858651290381608 -0.11654739437122678
1430.0 16146.018704921913 14621.964705006574 8.0 8.0 0.0 130.0 0.0 21.5 0.0 1.0 0.0 0.0 21.5 -0.22830455438703925 0.18173508926122944
1431.0 10621.14172737735 11377.42536545713 8.0 8.0 0.0 130.0 0.0 21.5 0.0 1.0 0.0 0.0 21.5 -0.0594877823125856 0.08259638721944085
1432.0 610.2519954982698 16770.73545260667 8.0 8.0 0.0 130.0 0.0 21.5 0.0 1.0 0.0 0.0 21.5 0.2464028737571076 0.24739197321567682
1433.0 2732.800263332081 5945.015955041237 8.0 8.0 0.0 130.0 0.0 21.5 0.0 1.0 0.0 0.0 21.5 0.18154512764484856 -0.08339390032104475
1434.0 3570.673271913945 9567.23710244249 8.0 8.0 0.0 130.0 0.0 21.5 0.0 1.0 0.0 0.0 21.5 0.1559432777656926 0.027285079182882425
1435.0 16927.59715539869 13706.011071616245 8.0 8.0 0.0 130.0 0.0 21.5 0.0 1.0 0.0 0.0 21.5 -0.2521858776400772 0.1537476171298583
1436.0 3794.1993981352034 4059.418987477544 8.0 8.0 0.0 130.0 0.0 21.5 0.0 1.0 0.0 0.0 21.5 0.14911374669893782 -0.14100936321882426
1437.0 8947.608882510434 16725.555175443707 8.0 8.0 0.0 130.0 0.0 21.5 0.0 1.0 0.0 0.0 21.5 -0.008352071674011642 0.24601146474680852
1438.0 16241.304583271041 10277.235753399444 8.0 8.0 0.0 130.0 0.0 21.5 0.0 1.0 0.0 0.0 21.5 -0.23121500335782316 0.04897948240656712
1439.0 16952.8688720103 137.01120696857095 8.0 8.0 0.0 130.0 0.0 21.5 0.0 1.0 0.0 0.0 21.5 -0.25295978279010356 -0.26086071206770955
1440.0 4100.508881128979 436.3726523636731 8.0 8.0 0.0 130.0 0.0 21.5 0.0 1.0 0.0 0.0 21.5 0.1397551873590131 -0.2517135567917481
1441.0 852.1194932237412 15305.161392424914 8.0 8.0 0.0 130.0 0.0 21.5 0.0 1.0 0.0 0.0 21.5 0.23901167550096225 0.20261054359901207
1442.0 2664.7678045469315 11194.693524401027 8.0 8.0 0.0 130.0 0.0 21.5 0.0 1.0 0.0 0.0 21.5 0.18362387079447906 0.07701291429828216
1443.0 1098.6567566896 13238.195454706243 8.0 8.0 0.0 130.0 0.0 21.5 0.0 1.0 0.0 0.0 21.5 0.2314777836805324 0.13945325105760822
1444.0 3385.1210428866093 13601.534324703001 8.0 8.0 0.0 130.0 0.0 21.5 0.0 1.0 0.0 0.0 21.5 0.1616134694740962 0.15055527208528693
1445.0 9863.85543291291 7294.363982178737 8.0 8.0 0.0 130.0 0.0 22.0 0.0 1.0 0.0 0.0 22.0 -0.03634842690052418 -0.042163821714065575
1446.0 15829.656036613518 13854.740545142757 8.0 8.0 0.0 130.0 0.0 22.0 0.0 1.0 0.0 0.0 22.0 -0.21863760322593775 0.15829212882094615
1447.0 9319.96423227185 16264.820760133112 8.0 8.0 0.0 130.0 0.0 22.0 0.0 1.0 0.0 0.0 22.0 -0.019729680909269246 0.2319334687234292
1448.0 10860.005959006112 2986.917651160745 8.0 8.0 0.0 130.0 0.0 22.0 0.0 1.0 0.0 0.0 22.0 -0.06678665699562873 -0.1737802373840598
1449.0 3502.102442360157 13256.65222959782 8.0 8.0 0.0 130.0 0.0 22.0 0.0 1.0 0.0 0.0 22.0 0.15803895177683366 0.14001720806818416
1450.0 13888.958367048535 5339.742494212762 8.0 8.0 0.0 130.0 0.0 22.0 0.0 1.0 0.0 0.0 22.0 -0.1593379253167784 -0.1018883671796926
1451.0 10717.736671450077 5577.434785580585 8.0 8.0 0.0 130.0 0.0 22.0 0.0 1.0 0.0 0.0 22.0 -0.062439317833266846 -0.09462554716567578
1452.0 14991.513858338812 7160.694765421822 8.0 8.0 0.0 130.0 0.0 22.0 0.0 1.0 0.0 0.0 22.0 -0.19302693182913033 -0.0462481588927491
1453.0 16461.044255404624 14984.274150791885 8.0 8.0 0.0 130.0 0.0 22.0 0.0 1.0 0.0 0.0 22.0 -0.23793053377858286 0.19280565566022503
1454.0 6035.57113281949 382.64060455327655 8.0 8.0 0.0 130.0 0.0 22.0 0.0 1.0 0.0 0.0 22.0 0.0806277248140975 -0.25335536936373243
1455.0 1571.4145786123772 7527.986914953761 8.0 8.0 0.0 130.0 0.0 22.0 0.0 1.0 0.0 0.0 22.0 0.2170317607084215 -0.03502534321260653
