py/stars_radec00.ecsv
# %ECSV 1.0
# ---
# datatype:
# - {name: index, datatype: float64}
# - {name: Xpos, datatype: float64}
# - {name: Ypos, datatype: float64}
# - {name: '8', datatype: float64}
# - {name: 8again, datatype: float64}
# - {name: '0', datatype: float64}
# - {name: star_template_index, datatype: float64}
# - {name: 0again, datatype: float64}
# - {name: magnitude, datatype: float64}
# - {name: 0again2, datatype: float64}
# - {name: '1', datatype: float64}
# - {name: 0again3, datatype: float64}
# - {name: 0again4, datatype: float64}
# - {name: mag_again, datatype: float64}
# - {name: RA, datatype: float64}
# - {name: DEC, datatype: float64}
# schema: astropy-2.0
index Xpos Ypos 8 8again 0 star_template_index 0again magnitude 0again2 1 0again3 0again4 mag_again RA DEC
[from data line 4594]
4594.0 3666.437226689239 16866.399911900677 8.0 8.0 0.0 133.0 0.0 18.0 0.0 1.0 0.0 0.0 18.0 0.1530185995433285 0.250315053916327
4595.0 16967.615314505594 13468.667738669286 8.0 8.0 0.0 133.0 0.0 18.0 0.0 1.0 0.0 0.0 18.0 -0.2534085750860555 0.14649545973425676
4596.0 7539.855987918248 3765.8648684792097 8.0 8.0 0.0 133.0 0.0 18.0 0.0 1.0 0.0 0.0 18.0 0.03466279584856453 -0.14997907241044003
4597.0 3154.232975711965 1954.3415437188285 8.0 8.0 0.0 133.0 0.0 18.0 0.0 1.0 0.0 0.0 18.0 0.16866890779076624 -0.2053311740003406
4598.0 5750.414994933956 3629.4042401789166 8.0 8.0 0.0 133.0 0.0 18.0 0.0 1.0 0.0 0.0 18.0 0.08934036410319081 -0.15414870271961567
4599.0 6893.896698358747 7334.29319108153 8.0 8.0 0.0 133.0 0.0 18.0 0.0 1.0 0.0 0.0 18.0 0.05440033594299556 -0.040943762553146926
4600.0 10809.620602581845 4106.348267809946 8.0 8.0 0.0 133.0 0.0 18.5 0.0 1.0 0.0 0.0 18.5 -0.06524699084158243 -0.1395754129864453
4601.0 16012.958347685653 15631.749975144794 8.0 8.0 0.0 133.0 0.0 18.5 0.0 1.0 0.0 0.0 18.5 -0.22423921633503194 0.2125896391821195
4602.0 17115.899121557875 11636.064263509412 8.0 8.0 0.0 133.0 0.0 18.5 0.0 1.0 0.0 0.0 18.5 -0.25793896263765426 0.09049924243770503
4603.0 11306.023126922179 7229.644701263266 8.0 8.0 0.0 133.0 0.0 18.5 0.0 1.0 0.0 0.0 18.5 -0.08041467601754139 -0.044141355297593866
4604.0 12142.632297552638 4750.234278990978 8.0 8.0 0.0 133.0 0.0 18.5 0.0 1.0 0.0 0.0 18.5 -0.10597794219723024 -0.11990111820035823
4605.0 5583.266786616791 6603.913340010197 8.0 8.0 0.0 133.0 0.0 18.5 0.0 1.0 0.0 0.0 18.5 0.09444740470263077 -0.06326092466921542
4606.0 14870.451678895226 8258.783628488429 8.0 8.0 0.0 133.0 0.0 18.5 0.0 1.0 0.0 0.0 18.5 -0.18932775144438063 -0.012695443632380562
4607.0 3778.4835114929065 12383.776878288545 8.0 8.0 0.0 133.0 0.0 18.5 0.0 1.0 0.0 0.0 18.5 0.14959379548165888 0.11334601677817854
4608.0 1845.5491358866368 1549.9457528792689 8.0 8.0 0.0 133.0 0.0 18.5 0.0 1.0 0.0 0.0 18.5 0.2086568924612211 -0.21768771205377155
4609.0 16884.57217694412 14726.013694091014 8.0 8.0 0.0 133.0 0.0 18.5 0.0 1.0 0.0 0.0 18.5 -0.2508716240938545 0.18491436392769844
4610.0 14991.545911986967 2212.9805256011455 8.0 8.0 0.0 133.0 0.0 18.5 0.0 1.0 0.0 0.0 18.5 -0.19302899431359838 -0.19742831622060308
4611.0 5267.800293499981 4553.126204200306 8.0 8.0 0.0 133.0 0.0 18.5 0.0 1.0 0.0 0.0 18.5 0.10408685247372297 -0.12592386493007318
4612.0 11713.227361026657 17237.335788471577 8.0 8.0 0.0 133.0 0.0 18.5 0.0 1.0 0.0 0.0 18.5 -0.09285797198850321 0.2616492057004378
4613.0 8102.087471262188 3299.8424287898565 8.0 8.0 0.0 133.0 0.0 18.5 0.0 1.0 0.0 0.0 18.5 0.017483453581780228 -0.16421864695650362
4614.0 5605.803174684052 1754.6694674247462 8.0 8.0 0.0 133.0 0.0 18.5 0.0 1.0 0.0 0.0 18.5 0.09375937365963288 -0.2114322652204375
4615.0 4975.114367991261 11075.401033298782 8.0 8.0 0.0 133.0 0.0 19.0 0.0 1.0 0.0 0.0 19.0 0.11302987481555275 0.07336786595904689
4616.0 2359.87781246254 6820.216254654271 8.0 8.0 0.0 133.0 0.0 19.0 0.0 1.0 0.0 0.0 19.0 0.1929398823240734 -0.05665166894397982
4617.0 9529.867683995795 1593.2108654703109 8.0 8.0 0.0 133.0 0.0 19.0 0.0 1.0 0.0 0.0 19.0 -0.02614342224904034 -0.21636572250237862
4618.0 7747.801323593012 64.92567445708981 8.0 8.0 0.0 133.0 0.0 19.0 0.0 1.0 0.0 0.0 19.0 0.028309090218062095 -0.2630633255611159
4619.0 8885.6874959869 1373.3379127927374 8.0 8.0 0.0 133.0 0.0 19.0 0.0 1.0 0.0 0.0 19.0 -0.006460001284877868 -0.22308406272308226
4620.0 3736.132811022731 9068.70001215749 8.0 8.0 0.0 133.0 0.0 19.0 0.0 1.0 0.0 0.0 19.0 0.15088755528191064 0.012052001424174062
4621.0 16283.526408227637 4005.6558982179367 8.0 8.0 0.0 133.0 0.0 19.0 0.0 1.0 0.0 0.0 19.0 -0.2325057508269051 -0.14265212427953447
4622.0 11078.626030261867 13489.395664472619 8.0 8.0 0.0 133.0 0.0 19.0 0.0 1.0 0.0 0.0 19.0 -0.07346664975302995 0.1471288130226919
4623.0 15606.759562292871 14876.524321211555 8.0 8.0 0.0 133.0 0.0 19.0 0.0 1.0 0.0 0.0 19.0 -0.21182720197242833 0.18951329975638162
4624.0 1895.6953859115602 2512.6416545077227 8.0 8.0 0.0 133.0 0.0 19.0 0.0 1.0 0.0 0.0 19.0 0.20712425815218055 -0.1882720039484577
4625.0 10805.555984734057 5846.803297773275 8.0 8.0 0.0 133.0 0.0 19.0 0.0 1.0 0.0 0.0 19.0 -0.06512267462045873 -0.08639484262645472
4626.0 14736.923825165957 2542.847335048955 8.0 8.0 0.0 133.0 0.0 19.0 0.0 1.0 0.0 0.0 19.0 -0.18524871937988402 -0.1873490525985867
4627.0 5740.992964314951 4973.700337304831 8.0 8.0 0.0 133.0 0.0 19.0 0.0 1.0 0.0 0.0 19.0 0.08962811068542101 -0.11307298864076827
4628.0 3385.4494168421033 4149.847845306094 8.0 8.0 0.0 133.0 0.0 19.0 0.0 1.0 0.0 0.0 19.0 0.16160334829267034 -0.13824625922961856
4629.0 4597.733188216999 13650.958584950382 8.0 8.0 0.0 133.0 0.0 19.0 0.0 1.0 0.0 0.0 19.0 0.1245613124529706 0.152065457815068
4630.0 4735.002153304957 5993.568617554193 8.0 8.0 0.0 133.0 0.0 19.0 0.0 1.0 0.0 0.0 19.0 0.1203666672639266 -0.08191034674425998
4631.0 7758.2499132099165 8597.326600485958 8.0 8.0 0.0 133.0 0.0 19.0 0.0 1.0 0.0 0.0 19.0 0.027989529400566007 -0.0023510750435671727
4632.0 5654.993171562346 11691.097371932208 8.0 8.0 0.0 133.0 0.0 19.0 0.0 1.0 0.0 0.0 19.0 0.09225582699268074 0.09218080963951271
4633.0 4706.2095758712985 14264.95380643825 8.0 8.0 0.0 133.0 0.0 19.0 0.0 1.0 0.0 0.0 19.0 0.12124685635839658 0.1708264229160862
4634.0 11250.742683801853 5225.538478721142 8.0 8.0 0.0 133.0 0.0 19.0 0.0 1.0 0.0 0.0 19.0 -0.07872566065192717 -0.1053779343197143
4635.0 920.0343140129224 3629.673488475023 8.0 8.0 0.0 133.0 0.0 19.0 0.0 1.0 0.0 0.0 19.0 0.236935863429379 -0.15414047568834574
4636.0 5904.815214999145 16974.73920432571 8.0 8.0 0.0 133.0 0.0 19.5 0.0 1.0 0.0 0.0 19.5 0.08462308535061204 0.2536254211848697
4637.0 11966.190777764994 5554.093044245985 8.0 8.0 0.0 133.0 0.0 19.5 0.0 1.0 0.0 0.0 19.5 -0.10058658073714262 -0.09533876703978858
4638.0 3050.7367170016237 11642.052935248135 8.0 8.0 0.0 133.0 0.0 19.5 0.0 1.0 0.0 0.0 19.5 0.17183042558554876 0.09068222962972157
4639.0 3832.776241179477 11759.553593573022 8.0 8.0 0.0 133.0 0.0 19.5 0.0 1.0 0.0 0.0 19.5 0.14793475849120763 0.09427252752298201
4640.0 3481.2733286627545 8917.661297341929 8.0 8.0 0.0 133.0 0.0 19.5 0.0 1.0 0.0 0.0 19.5 0.1586749263526011 0.007436929582587491
4641.0 16.06660129406574 3963.2300455047766 8.0 8.0 0.0 133.0 0.0 19.5 0.0 1.0 0.0 0.0 19.5 0.2645570766307931 -0.14394846977910325
4642.0 8219.17962211168 2454.0799731687375 8.0 8.0 0.0 133.0 0.0 19.5 0.0 1.0 0.0 0.0 19.5 0.013905642556804855 -0.19006138865603778
4643.0 675.8781846869481 8449.019922620497 8.0 8.0 0.0 133.0 0.0 19.5 0.0 1.0 0.0 0.0 19.5 0.244395333956302 -0.006882667978345151
4644.0 4735.10771961697 8863.882398576658 8.0 8.0 0.0 133.0 0.0 19.5 0.0 1.0 0.0 0.0 19.5 0.12036331924103438 0.0057936854536486514
4645.0 17258.38874385868 13416.785467411402 8.0 8.0 0.0 133.0 0.0 19.5 0.0 1.0 0.0 0.0 19.5 -0.2622933293469861 0.14491016811248808
4646.0 15932.83501568348 12314.575137438507 8.0 8.0 0.0 133.0 0.0 19.5 0.0 1.0 0.0 0.0 19.5 -0.22178987781306383 0.11123151914109405
4647.0 3731.251637059898 15822.58620294905 8.0 8.0 0.0 133.0 0.0 19.5 0.0 1.0 0.0 0.0 19.5 0.1510377964085887 0.21842074614280513
4648.0 5378.090132436613 16843.0149906352 8.0 8.0 0.0 133.0 0.0 19.5 0.0 1.0 0.0 0.0 19.5 0.1007175894867527 0.2496005146554375
4649.0 8044.598304817541 12627.159119840187 8.0 8.0 0.0 133.0 0.0 19.5 0.0 1.0 0.0 0.0 19.5 0.019240037939367537 0.1207826963811454
4650.0 14649.343667873904 1327.3585946210587 8.0 8.0 0.0 133.0 0.0 19.5 0.0 1.0 0.0 0.0 19.5 -0.18257307004625192 -0.22448898633388353
4651.0 13924.736624146688 7028.211900849871 8.0 8.0 0.0 133.0 0.0 19.5 0.0 1.0 0.0 0.0 19.5 -0.16043095971522267 -0.05029624642133649
4652.0 2190.1048327589933 10561.833330240554 8.0 8.0 0.0 133.0 0.0 19.5 0.0 1.0 0.0 0.0 19.5 0.19812739610528587 0.057675519476712137
4653.0 2159.0060412209696 10239.023837267778 8.0 8.0 0.0 133.0 0.0 19.5 0.0 1.0 0.0 0.0 19.5 0.19907760589036005 0.04781189608032176
4654.0 7229.696904951607 3147.785093629212 8.0 8.0 0.0 133.0 0.0 19.5 0.0 1.0 0.0 0.0 19.5 0.04413995189047862 -0.1688648433086344
4655.0 15094.886192568947 10113.240976400088 8.0 8.0 0.0 133.0 0.0 19.5 0.0 1.0 0.0 0.0 19.5 -0.19618552581429577 0.043968530887142344
4656.0 15302.888433220283 6066.446889890014 8.0 8.0 0.0 133.0 0.0 19.5 0.0 1.0 0.0 0.0 19.5 -0.20254128794102155 -0.0796835106451099
4657.0 1862.6409257334892 5879.886517722317 8.0 8.0 0.0 133.0 0.0 19.5 0.0 1.0 0.0 0.0 19.5 0.20813336843782265 -0.08538396646134509
4658.0 9963.220476767576 14468.805350658922 8.0 8.0 0.0 133.0 0.0 19.5 0.0 1.0 0.0 0.0 19.5 -0.039384759224729574 0.17705522010060676
4659.0 2700.7376566521243 7319.925018560409 8.0 8.0 0.0 133.0 0.0 19.5 0.0 1.0 0.0 0.0 19.5 0.18252467371380326 -0.04138279004684785
4660.0 11903.342979986674 9149.550727487527 8.0 8.0 0.0 133.0 0.0 19.5 0.0 1.0 0.0 0.0 19.5 -0.09866609527720566 0.014522439948147444
4661.0 15898.780462121189 9765.023329192281 8.0 8.0 0.0 133.0 0.0 19.5 0.0 1.0 0.0 0.0 19.5 -0.22074894140898832 0.03332854722245938
4662.0 7889.584056802512 9767.173139964912 8.0 8.0 0.0 133.0 0.0 19.5 0.0 1.0 0.0 0.0 19.5 0.023976545728553796 0.03339423588495644
4663.0 1441.364985390924 3697.347479540185 8.0 8.0 0.0 133.0 0.0 19.5 0.0 1.0 0.0 0.0 19.5 0.22100623617805012 -0.152072659294688
4664.0 10049.215600921056 10399.641697335734 8.0 8.0 0.0 133.0 0.0 20.0 0.0 1.0 0.0 0.0 20.0 -0.04201221775438821 0.052719664026842646
4665.0 7087.168507127957 5805.231650061178 8.0 8.0 0.0 133.0 0.0 20.0 0.0 1.0 0.0 0.0 20.0 0.04849485132692256 -0.08766508741765767
4666.0 14067.910859303256 11363.646927426109 8.0 8.0 0.0 133.0 0.0 20.0 0.0 1.0 0.0 0.0 20.0 -0.1648058357023595 0.08217537939071523
4667.0 5904.4801415626225 2527.6408784264986 8.0 8.0 0.0 133.0 0.0 20.0 0.0 1.0 0.0 0.0 20.0 0.08463294931485218 -0.18781369432871733
4668.0 15178.190608725272 17246.45589711067 8.0 8.0 0.0 133.0 0.0 20.0 0.0 1.0 0.0 0.0 20.0 -0.19873295738512023 0.2619278756866324
4669.0 4748.302948646508 13393.825274029337 8.0 8.0 0.0 133.0 0.0 20.0 0.0 1.0 0.0 0.0 20.0 0.1199605110383814 0.1442086066480361
4670.0 2732.7012824624594 7238.703913748655 8.0 8.0 0.0 133.0 0.0 20.0 0.0 1.0 0.0 0.0 20.0 0.18154801296485523 -0.04386454602720697
4671.0 5316.987621245898 5228.0151659412495 8.0 8.0 0.0 133.0 0.0 20.0 0.0 1.0 0.0 0.0 20.0 0.1025838282170419 -0.1053022577657666
4672.0 605.7380721460219 6727.799791492409 8.0 8.0 0.0 133.0 0.0 20.0 0.0 1.0 0.0 0.0 20.0 0.2465386351252778 -0.05947550531837006
4673.0 4879.20739813387 12511.911830142339 8.0 8.0 0.0 133.0 0.0 20.0 0.0 1.0 0.0 0.0 20.0 0.11596051574638364 0.11726125141815558
4674.0 11452.078330837106 11370.369573895343 8.0 8.0 0.0 133.0 0.0 20.0 0.0 1.0 0.0 0.0 20.0 -0.08487753778478854 0.08238079358838626
4675.0 2468.402193700687 12180.281256297749 8.0 8.0 0.0 133.0 0.0 20.0 0.0 1.0 0.0 0.0 20.0 0.18962409670614486 0.10712809499512643
4676.0 1932.0198797953442 15422.839657365697 8.0 8.0 0.0 133.0 0.0 20.0 0.0 1.0 0.0 0.0 20.0 0.2060145590577265 0.20620626836109154
4677.0 2296.691752316443 7916.056783642449 8.0 8.0 0.0 133.0 0.0 20.0 0.0 1.0 0.0 0.0 20.0 0.1948704891127809 -0.023167652780452172
4678.0 1345.4084586514675 11615.215595868953 8.0 8.0 0.0 133.0 0.0 20.0 0.0 1.0 0.0 0.0 20.0 0.22393773813742637 0.08986219981535767
4679.0 15173.648957754309 7659.519189259683 8.0 8.0 0.0 133.0 0.0 20.0 0.0 1.0 0.0 0.0 20.0 -0.19859213717467292 -0.031006301497703347
4680.0 16379.020497316063 11070.071148396815 8.0 8.0 0.0 133.0 0.0 20.0 0.0 1.0 0.0 0.0 20.0 -0.2354230972939673 0.07320500836482013
4681.0 807.7680846613223 8237.497689395772 8.0 8.0 0.0 133.0 0.0 20.0 0.0 1.0 0.0 0.0 20.0 0.24036536954771842 -0.013345847326878412
4682.0 13186.137034556315 13473.98136401723 8.0 8.0 0.0 133.0 0.0 20.0 0.0 1.0 0.0 0.0 20.0 -0.13786302873857048 0.1466578205087773
4683.0 12788.507853476603 91.25546839419266 8.0 8.0 0.0 133.0 0.0 20.0 0.0 1.0 0.0 0.0 20.0 -0.12571411352220982 -0.2622588040797045
4684.0 17294.924773096125 3742.2705222957193 8.0 8.0 0.0 133.0 0.0 20.0 0.0 1.0 0.0 0.0 20.0 -0.2634097802549872 -0.15070001076604667
4685.0 6035.048698216961 5142.76051620141 8.0 8.0 0.0 133.0 0.0 20.0 0.0 1.0 0.0 0.0 20.0 0.08064304285382942 -0.1079072609522617
4686.0 4953.1646621354885 16401.216061235675 8.0 8.0 0.0 133.0 0.0 20.0 0.0 1.0 0.0 0.0 20.0 0.11370143295715181 0.23610110292378528
4687.0 7860.3140887207655 8796.512394469944 8.0 8.0 0.0 133.0 0.0 20.0 0.0 1.0 0.0 0.0 20.0 0.024870901844796726 0.0037351575503879707
4688.0 14860.330222168042 6320.973801575728 8.0 8.0 0.0 133.0 0.0 20.0 0.0 1.0 0.0 0.0 20.0 -0.18901862891829704 -0.07190629945471307
4689.0 12640.037225827364 7014.225617462753 8.0 8.0 0.0 133.0 0.0 20.0 0.0 1.0 0.0 0.0 20.0 -0.12117624154973988 -0.05072360508038733
4690.0 8181.985426569004 7838.4577473835325 8.0 8.0 0.0 133.0 0.0 20.0 0.0 1.0 0.0 0.0 20.0 0.01504205685197192 -0.025538734443919058
4691.0 4242.808697067136 15055.591754184554 8.0 8.0 0.0 133.0 0.0 20.0 0.0 1.0 0.0 0.0 20.0 0.1354065728485771 0.19498480465277881
4692.0 12612.662939776723 16695.123942579583 8.0 8.0 0.0 133.0 0.0 20.0 0.0 1.0 0.0 0.0 20.0 -0.12034085847325292 0.24508162152040472
4693.0 14824.795046109924 14645.025495797723 8.0 8.0 0.0 133.0 0.0 20.0 0.0 1.0 0.0 0.0 20.0 -0.18793363574247757 0.1824397245354034
4694.0 6938.57062984955 14601.517498735933 8.0 8.0 0.0 133.0 0.0 20.0 0.0 1.0 0.0 0.0 20.0 0.05303555021593605 0.18111031351407095
4695.0 11598.982519785077 3452.6219611480383 8.0 8.0 0.0 133.0 0.0 20.0 0.0 1.0 0.0 0.0 20.0 -0.08936653565073459 -0.1595503834677814
4696.0 6943.094957945196 4661.172745083032 8.0 8.0 0.0 133.0 0.0 20.0 0.0 1.0 0.0 0.0 20.0 0.052897163041577 -0.12262244284754546
4697.0 8301.163388353181 10340.5840935352 8.0 8.0 0.0 133.0 0.0 20.0 0.0 1.0 0.0 0.0 20.0 0.011400511026750928 0.05091512613293747
4698.0 9106.429641277266 11383.02731034995 8.0 8.0 0.0 133.0 0.0 20.0 0.0 1.0 0.0 0.0 20.0 -0.013204864980603243 0.08276755775783257
4699.0 13457.711670558252 3516.642634032356 8.0 8.0 0.0 133.0 0.0 20.5 0.0 1.0 0.0 0.0 20.5 -0.14616124387438292 -0.15759419624076057
4700.0 16958.303375829968 12946.902226072425 8.0 8.0 0.0 133.0 0.0 20.5 0.0 1.0 0.0 0.0 20.5 -0.2531238724102401 0.13055262462713044
4701.0 7709.10492449589 3469.076046159438 8.0 8.0 0.0 133.0 0.0 20.5 0.0 1.0 0.0 0.0 20.5 0.02949129543460651 -0.15904761975909973
4702.0 5938.666177290996 4562.851182861088 8.0 8.0 0.0 133.0 0.0 20.5 0.0 1.0 0.0 0.0 20.5 0.08358812223246428 -0.12562671280432708
4703.0 6481.259172941117 5322.4551991662165 8.0 8.0 0.0 133.0 0.0 20.5 0.0 1.0 0.0 0.0 20.5 0.06700879793777954 -0.1024165900838926
4704.0 2322.7801098273344 14676.717408513208 8.0 8.0 0.0 133.0 0.0 20.5 0.0 1.0 0.0 0.0 20.5 0.19407432325222898 0.18340808853504326
4705.0 5151.454090008716 12700.588048838745 8.0 8.0 0.0 133.0 0.0 20.5 0.0 1.0 0.0 0.0 20.5 0.10764187211788626 0.12302635810054575
4706.0 1499.736558210985 9206.618437394816 8.0 8.0 0.0 133.0 0.0 20.5 0.0 1.0 0.0 0.0 20.5 0.21922189072530898 0.016266175528647946
4707.0 7423.3414890417735 14221.454922634673 8.0 8.0 0.0 133.0 0.0 20.5 0.0 1.0 0.0 0.0 20.5 0.038223009591043716 0.16949729035542138
4708.0 2903.404573687915 14103.119638074768 8.0 8.0 0.0 133.0 0.0 20.5 0.0 1.0 0.0 0.0 20.5 0.17633276487749028 0.16588148999386867
4709.0 6009.651894768613 6763.035740316775 8.0 8.0 0.0 133.0 0.0 20.5 0.0 1.0 0.0 0.0 20.5 0.08141895556587928 -0.058398851326514414
4710.0 13767.41671661846 13556.797406418162 8.0 8.0 0.0 133.0 0.0 20.5 0.0 1.0 0.0 0.0 20.5 -0.15562442828714354 0.14918831069325017
4711.0 4266.48611354751 3578.011340557606 8.0 8.0 0.0 133.0 0.0 20.5 0.0 1.0 0.0 0.0 20.5 0.13468280956084389 -0.15571904131915568
4712.0 10615.479384511616 8730.286712894374 8.0 8.0 0.0 133.0 0.0 20.5 0.0 1.0 0.0 0.0 20.5 -0.059314704494794 0.0017115950578011105
4713.0 15634.183475508278 2051.3215961547367 8.0 8.0 0.0 133.0 0.0 20.5 0.0 1.0 0.0 0.0 20.5 -0.21266532262832358 -0.20236789462035448
